[{"name":"Anim 1","frames":[{"time":0.011622416670434177,"poses":{"Left Shoulder":[1.8161011894335389e-7,-0.011873597279191018,-8.94059013489823e-8,0.9998944401741028,0.0028251621406525375,-0.014252186752855778,-0.0028201050590723755,0.9999959468841553,0.00037490465911105275,0.014253188855946064,-0.0003346732701174915,0.999898374080658],"Right Shoulder":[5.669416225373425e-8,-0.0023159298580139877,-4.4703378421218078e-7,0.9999958276748657,-0.0018717139028012753,0.0022131677251309158,0.001870966050773859,0.9999982118606567,0.0003420369466766715,-0.0022138000931590797,-0.0003379206173121929,0.9999974966049194],"Neck":[2.7032562854856225e-9,-5.820821602497972e-10,-2.2351866846292979e-7,0.9999990463256836,-0.0013760477304458619,1.6445937944808975e-9,0.0013760433066636325,0.999995768070221,-0.0025532592553645374,0.0000035331495382706636,0.0025532569270581009,0.9999967217445374],"Right Hip":[0,0.0014857721980661154,0,1,0,0,0,1,0,0,0,1],"Left Hip":[0,0.0018437595572322608,0,1,0,0,0,1,0,0,0,1],"RootJoint":[0,0,-0.0019905096851289274,1,0,0,0,1,0,0,0,1]}},{"time":0.032125124998856339,"poses":{"Left Shoulder":[2.7165784288740725e-8,-0.010191579349339009,-1.6391170731822059e-7,0.9999108910560608,0.0024807206355035307,-0.01311962679028511,-0.0024768132716417314,0.9999969005584717,0.0003141390043310821,0.013120364397764206,-0.00028162309899926186,0.9999139308929443],"Right Shoulder":[6.377609196306367e-8,-0.0018742966931313277,-5.215396186031285e-7,0.9999976754188538,-0.0013908208347856999,0.0016629769233986736,0.0013901006896048785,0.999998927116394,0.0004340712621342391,-0.0016635790234431625,-0.00043175838072784245,0.9999985098838806],"Neck":[9.344197593463832e-8,-1.9403109674520636e-10,-1.3659521869158198e-7,0.9999992847442627,-0.0011848757276311517,1.617189582248102e-7,0.0011848729336634279,0.9999967217445374,-0.002267213072627783,0.0000025297044885519428,0.002267211675643921,0.9999974370002747],"Right Hip":[0,0.0009765996364876629,0,1,0,0,0,1,0,0,0,1],"Left Hip":[0,0.0012120993342250586,0,1,0,0,0,1,0,0,0,1],"RootJoint":[0,0,-0.001308426377363503,1,0,0,0,1,0,0,0,1]}},{"time":0.045867541659390557,"poses":{"Left Shoulder":[-2.3282339611796489e-8,-0.008617953397333622,-1.8874767704346596e-7,0.9999266862869263,0.002134554088115692,-0.011919376440346241,-0.0021313182078301908,0.9999976754188538,0.00028408810612745583,0.011919955722987652,-0.00025865642237477005,0.999928891658783],"Right Shoulder":[1.0168978548108499e-8,-0.0014538341201841832,-4.0730321870796617e-7,0.9999988079071045,-0.000942474405746907,0.0012373949866741896,0.0009417690453119576,0.9999994039535523,0.0005711725098080933,-0.0012379318941384554,-0.0005700077745132148,0.9999990463256836],"Neck":[8.444352062042526e-8,-9.701348752111372e-11,-1.1920928955078126e-7,0.9999995231628418,-0.0009555392898619175,-1.2522320957941702e-8,0.0009555376600474119,0.9999978542327881,-0.0018416807288303972,0.0000017668787677393994,0.0018416797975078226,0.9999983310699463],"Right Hip":[0,0.0007289404165931046,0,1,0,0,0,1,0,0,0,1],"Left Hip":[0,0.000904775399249047,0,1,0,0,0,1,0,0,0,1],"RootJoint":[0,0,-0.0009766739094629884,1,0,0,0,1,0,0,0,1]}},{"time":0.06976645832764916,"poses":{"Left Shoulder":[-8.195559786372542e-8,-0.004906227812170982,-2.1854997100945185e-7,0.9999586343765259,0.0013027506647631527,-0.008998027071356774,-0.0013007166562601925,0.9999991059303284,0.00023184838937595487,0.008998321369290352,-0.00022013255511410534,0.9999594688415527],"Right Shoulder":[-1.5490776661408746e-7,-0.00045740953646600246,-1.987343978271383e-8,0.9999999403953552,0.00011425161210354418,0.00029098594677634537,-0.00011452015314716846,0.9999995827674866,0.0009278469369746745,-0.00029088035807944834,-0.0009278799989260733,0.9999995231628418],"Neck":[2.9981030991166337e-9,-3.88058925271384e-11,-1.1920928955078126e-7,0.9999999403953552,-0.0003822206344921142,-2.0968860781067634e-7,0.0003822203434538096,0.9999996423721314,-0.0007366819772869349,5.020813773626287e-7,0.000736681860871613,0.9999997019767761],"Right Hip":[0,0.0002914726210292429,0,1,0,0,0,1,0,0,0,1],"Left Hip":[0,0.0003618075279518962,0,1,0,0,0,1,0,0,0,1],"RootJoint":[0,0,-0.0003906745696440339,1,0,0,0,1,0,0,0,1]}},{"time":0.07993779167009052,"poses":{"Left Shoulder":[-1.0151335061436839e-7,-0.0036689857952296736,-2.2848405478725909e-7,0.9999672770500183,0.0010255073430016637,-0.008024216629564762,-0.0010238162940368057,0.999999463558197,0.00021497155830729753,0.008024432696402073,-0.00020675414998549968,0.9999678134918213],"Right Shoulder":[-2.0993333293972683e-7,-0.00012526805221568793,1.0926979854275487e-7,0.9999998807907105,0.0004665679298341274,-0.00002440012394799851,-0.0004665422020480037,0.9999993443489075,0.001046959892846644,0.00002488743484718725,-0.0010469484841451049,0.999999463558197],"Neck":[-2.4150368815867297e-8,-1.9403362597203434e-11,-1.1920928955078126e-7,1,-0.00019111440633423626,-1.5358027383172158e-7,0.00019111434812657535,0.9999999403953552,-0.00036834896309301257,2.0231242103818659e-7,0.00036834896309301257,0.9999999403953552],"Right Hip":[0,0.00014565003220923245,0,1,0,0,0,1,0,0,0,1],"Left Hip":[0,0.00018081822781823575,0,1,0,0,0,1,0,0,0,1],"RootJoint":[0,0,-0.00019534147577360272,1,0,0,0,1,0,0,0,1]}},{"time":0.09600837499601767,"poses":{"Left Shoulder":[-2.10086909646634e-7,-0.002543523907661438,-2.384185791015625e-7,0.9999741315841675,0.0007749139913357794,-0.007150071207433939,-0.0007735154940746725,0.9999997019767761,0.00019845883070956916,0.007150223013013601,-0.00019292581418994814,0.9999744296073914],"Right Shoulder":[-2.757631705208041e-7,0.0001766744680935517,9.934722555726694e-8,0.9999996423721314,0.0007689563790336251,-0.00031728888279758394,-0.0007686084136366844,0.9999991059303284,0.0011282371124252678,0.00031813085661269724,-0.001128000090830028,0.9999993443489075],"Neck":[-4.621972493623616e-8,0,-9.93419533301676e-8,1,0,0,0,1,0,0,0,1],"Right Hip":[0,-1.7881393432617188e-7,0,1,0,0,0,1,0,0,0,1],"Left Hip":[0,-1.7881393432617188e-7,0,1,0,0,0,1,0,0,0,1],"RootJoint":[0,0,0,1,0,0,0,1,0,0,0,1]}},{"time":0.11482279165647924,"poses":{"Left Shoulder":[-4.3263398197268545e-7,-0.0028231190517544748,-2.384185791015625e-7,0.9999722242355347,0.0008415378397330642,-0.007399375084787607,-0.0008400891674682498,0.9999996423721314,0.00019870069809257984,0.007399539928883314,-0.0001924730313476175,0.9999725818634033],"Right Shoulder":[-3.02769080917642e-7,0.00010113808821188286,-2.4834614009705549e-7,0.9999997615814209,0.0006440196302719414,-0.0002610643277876079,-0.0006437496631406248,0.9999992847442627,0.0010333694517612458,0.00026172929210588336,-0.0010332013480365277,0.9999994039535523],"Neck":[-3.351848931743007e-8,0,-4.967147404499883e-8,1,0,0,0,1,0,0,0,1],"Right Hip":[0,-1.7881393432617188e-7,0,1,0,0,0,1,0,0,0,1],"Left Hip":[0,-1.7881393432617188e-7,0,1,0,0,0,1,0,0,0,1],"RootJoint":[0,0,0,1,0,0,0,1,0,0,0,1]}},{"time":0.1287586666585412,"poses":{"Left Shoulder":[-5.661621571562137e-7,-0.002990876091644168,-2.384185791015625e-7,0.9999710917472839,0.0008815110777504742,-0.00754895806312561,-0.000880034698639065,0.9999995827674866,0.00019884892390109599,0.007549130357801914,-0.00019219826208427548,0.9999715089797974],"Right Shoulder":[-3.1897261010271907e-7,0.00005581625737249851,-4.569621410155378e-7,0.9999998211860657,0.0005690556718036532,-0.000227334865485318,-0.0005688363453373313,0.9999993443489075,0.0009764492860995233,0.00022788303613197058,-0.0009763214620761573,0.9999995231628418],"Neck":[-2.589774794614641e-8,0,-1.9869185408083468e-8,1,0,0,0,1,0,0,0,1],"Right Hip":[0,-1.7881393432617188e-7,0,1,0,0,0,1,0,0,0,1],"Left Hip":[0,-1.7881393432617188e-7,0,1,0,0,0,1,0,0,0,1],"RootJoint":[0,0,0,1,0,0,0,1,0,0,0,1]}},{"time":0.15273558332410176,"poses":{"Left Shoulder":[0.04173645004630089,-0.0038355449214577677,0.0031680017709732057,0.9958288073539734,0.09120580554008484,-0.002543817274272442,-0.09118539094924927,0.9958076477050781,0.0072325533255934719,0.0031928052194416525,-0.006970425136387348,0.9999706149101257],"Right Shoulder":[-0.041581396013498309,-0.0031433484982699157,0.0046827346086502079,0.9959318041801453,-0.09010877460241318,0.0005985991447232664,0.09009680896997452,0.9958724975585938,0.010980992577970028,-0.0015856060199439526,-0.01088238786906004,0.999939501285553],"Neck":[0.00012074052210664377,0.004963720217347145,-0.00022877007722854614,0.9999663233757019,0.00603347597643733,-0.0055634998716413979,-0.006186740938574076,0.9995900392532349,-0.02795528806746006,0.005392550025135279,0.027988767251372339,0.9995936751365662],"Right Hip":[0.011221233755350113,0.004616372287273407,0.0007191523909568787,0.9996916055679321,-0.024305090308189393,0.005090135149657726,0.024262983351945878,0.9996721744537354,0.008176634088158608,-0.0052872030064463619,-0.00805060938000679,0.9999536275863648],"Left Hip":[-0.10130508989095688,0.0048860814422369,0.004218339920043945,0.9985800385475159,-0.05152721703052521,0.013521933928132058,0.05169223994016647,0.9985891580581665,-0.012152121402323246,-0.012876695021986962,0.01283384021371603,0.9998347163200378],"RootJoint":[0.016473770141601564,-0.004309654235839844,-0.0003852489171549678,0.990577220916748,-0.13673508167266847,0.007768464274704456,0.1368819773197174,0.9903102517127991,-0.023431265726685525,-0.004489323124289513,0.024273836985230447,0.9996952414512634]}},{"time":0.1776537083351286,"poses":{"Left Shoulder":[0.2079351842403412,-0.17643952369689942,0.01331899594515562,0.828906774520874,0.5593838691711426,0.00179232656955719,-0.5588326454162598,0.8279387950897217,0.047153644263744357,0.024893056601285936,-0.04008758068084717,0.9988860487937927],"Right Shoulder":[-0.20637309551239015,-0.176498144865036,0.05060569941997528,0.8282321691513062,-0.560053825378418,0.019267017021775247,0.5580295324325562,0.8274121880531311,0.0631837323307991,-0.05132805556058884,-0.0415792353451252,0.9978159666061401],"Neck":[0.0007645711302757263,0.03425184637308121,-0.005983444396406412,0.9987373352050781,0.047398366034030917,-0.01664850302040577,-0.04806780815124512,0.9979428052902222,-0.042421892285346988,0.014603542163968087,0.043168582022190097,0.9989610910415649],"Right Hip":[0.06486961245536804,0.04422764852643013,0.004989758133888245,0.9851619601249695,-0.1697150021791458,0.025549419224262239,0.16798053681850434,0.9840096831321716,0.059224698692560199,-0.035192180424928668,-0.05405412241816521,0.997917652130127],"Left Hip":[-0.3351050913333893,0.05250983312726021,0.046236902475357059,0.9873443841934204,-0.13701939582824708,0.07985477894544602,0.14376819133758546,0.9858697652816773,-0.0859743058681488,-0.06694627553224564,0.09636680781841278,0.9930919408798218],"RootJoint":[0.11875534057617188,-0.029439926147460939,-0.02355387806892395,0.9514169692993164,-0.2984924018383026,0.07555124908685684,0.3069947063922882,0.9384608864784241,-0.15825742483139039,-0.023663243278861047,0.17376264929771424,0.9845032095909119]}},{"time":0.19304779166122899,"poses":{"Left Shoulder":[0.2772470712661743,-0.2364293932914734,0.0177586879581213,0.698902428150177,0.7151504158973694,0.009763939306139946,-0.7142574191093445,0.6971926689147949,0.06130798161029816,0.03703708201646805,-0.049822255969047549,0.9980711936950684],"Right Shoulder":[-0.2751642167568207,-0.23615393042564393,0.06747433543205261,0.6970843076705933,-0.7167632579803467,0.017994023859500886,0.7131839990615845,0.6957485675811768,0.08545438200235367,-0.07376988977193833,-0.04673586040735245,0.9961795806884766],"Neck":[0.0010194716742262245,0.045669130980968478,-0.007977844215929509,0.9977584481239319,0.06296698749065399,-0.02265557460486889,-0.06416676938533783,0.9963192343711853,-0.056838639080524448,0.018993230536580087,0.058164969086647037,0.9981262683868408],"Right Hip":[0.08649282157421112,0.05875356122851372,0.006653010845184326,0.9736455082893372,-0.22584135830402375,0.03178176283836365,0.22276072204113007,0.9715988636016846,0.07983288168907166,-0.04890870302915573,-0.07064919173717499,0.9963014721870422],"Left Hip":[-0.44680678844451907,0.06974424421787262,0.061649203300476077,0.9775223135948181,-0.1804923266172409,0.10896164178848267,0.19247891008853913,0.9749031662940979,-0.11187312006950379,-0.08603480458259583,0.13033130764961244,0.9877306222915649],"RootJoint":[0.1583404541015625,-0.03925323486328125,-0.03111506626009941,0.9139402508735657,-0.3903317451477051,0.11115039139986038,0.40539270639419558,0.8909898400306702,-0.2044355869293213,-0.019236184656620027,0.23190146684646607,0.9725490808486939]}},{"time":0.20958837500074879,"poses":{"Left Shoulder":[0.34655889868736269,-0.2974124252796173,0.022198360413312913,0.5434711575508118,0.8391993045806885,0.019585873931646348,-0.8378702402114868,0.5408943295478821,0.0735308825969696,0.051113177090883258,-0.05637233331799507,0.9971005916595459],"Right Shoulder":[-0.3439553678035736,-0.29620105028152468,0.08434293419122696,0.5402196645736694,-0.8414258360862732,0.01285642385482788,0.8359728455543518,0.5383453369140625,0.10645972937345505,-0.09649915993213654,-0.046764008700847629,0.9942339062690735],"Neck":[0.0012743697734549642,0.057086411863565448,-0.009972220286726952,0.9965043067932129,0.07838654518127442,-0.028892051428556443,-0.08027583360671997,0.9942138195037842,-0.0713767260313034,0.02312988042831421,0.07344655692577362,0.9970309138298035],"Right Hip":[0.1081160232424736,0.073122039437294,0.008316263556480408,0.9589346051216126,-0.28122857213020327,0.03680958226323128,0.27642831206321719,0.95574551820755,0.10068706423044205,-0.0634966790676117,-0.0863770917057991,0.9942370057106018],"Left Hip":[-0.5585085153579712,0.08678336441516876,0.07706150412559509,0.9649776816368103,-0.22245126962661744,0.13904494047164918,0.24112749099731446,0.9608968496322632,-0.136142298579216,-0.10332280397415161,0.16490183770656587,0.9808831810951233],"RootJoint":[0.19792558252811433,-0.04906654730439186,-0.0384654775261879,0.8669642210006714,-0.4750123620033264,0.1507854461669922,0.4982944130897522,0.8314862847328186,-0.24562828242778779,-0.008699573576450348,0.288086473941803,0.9575648307800293]}},{"time":0.22892024999600836,"poses":{"Left Shoulder":[0.3267778754234314,-0.3265223503112793,0.10999280214309693,-0.18873202800750733,0.9806404709815979,0.0521971620619297,-0.9701710343360901,-0.19442449510097505,0.14480063319206239,0.15214577317237855,-0.023311655968427659,0.9880831241607666],"Right Shoulder":[-0.3191322982311249,-0.3172804117202759,0.15851128101348878,-0.19911165535449983,-0.9799671173095703,0.004374094307422638,0.9575824737548828,-0.19361087679862977,0.21342608332633973,-0.20830366015434266,0.046684205532073978,0.9769495725631714],"Neck":[0.0025030747056007387,0.10049986839294434,-0.026945382356643678,0.9757333993911743,0.21887844800949098,-0.006043565925210714,-0.2180720567703247,0.9738837480545044,0.0632057934999466,0.019720112904906274,-0.060354072600603107,0.9979822039604187],"Right Hip":[0.725866973400116,0.5194481611251831,-0.07526901364326477,0.9980456829071045,-0.05306058004498482,0.0330062136054039,0.043958667665719989,0.9715653657913208,0.23265515267848969,-0.044412508606910709,-0.23074956238269807,0.9719990491867065],"Left Hip":[-0.9511926770210266,0.11425656080245972,0.19012486934661866,0.8041524887084961,-0.5405868887901306,0.2471933662891388,0.5912492871284485,0.7703325748443604,-0.23877209424972535,-0.06134405732154846,0.33816206455230715,0.9390864372253418],"RootJoint":[0.3928871154785156,-0.015033721923828125,-0.32906270027160647,0.7493127584457398,-0.5775619745254517,0.3239639699459076,0.662103533744812,0.6443824172019959,-0.38260987401008608,0.0122242271900177,0.5011920928955078,0.8652496933937073]}},{"time":0.24454395832435694,"poses":{"Left Shoulder":[0.3267778754234314,-0.3265223503112793,0.10999280214309693,-0.18873202800750733,0.9806404709815979,0.0521971620619297,-0.9701710343360901,-0.19442449510097505,0.14480063319206239,0.15214577317237855,-0.023311655968427659,0.9880831241607666],"Right Shoulder":[-0.3191322982311249,-0.3172804117202759,0.15851128101348878,-0.19911165535449983,-0.9799671173095703,0.004374094307422638,0.9575824737548828,-0.19361087679862977,0.21342608332633973,-0.20830366015434266,0.046684205532073978,0.9769495725631714],"Neck":[0.0025030747056007387,0.10049986839294434,-0.026945382356643678,0.9757333993911743,0.21887844800949098,-0.006043565925210714,-0.2180720567703247,0.9738837480545044,0.0632057934999466,0.019720112904906274,-0.060354072600603107,0.9979822039604187],"Right Hip":[0.725866973400116,0.5194481611251831,-0.07526901364326477,0.9980456829071045,-0.05306058004498482,0.0330062136054039,0.043958667665719989,0.9715653657913208,0.23265515267848969,-0.044412508606910709,-0.23074956238269807,0.9719990491867065],"Left Hip":[-0.9511926770210266,0.11425656080245972,0.19012486934661866,0.8041524887084961,-0.5405868887901306,0.2471933662891388,0.5912492871284485,0.7703325748443604,-0.23877209424972535,-0.06134405732154846,0.33816206455230715,0.9390864372253418],"RootJoint":[0.3928871154785156,-0.015033721923828125,-0.32906270027160647,0.7493127584457398,-0.5775619745254517,0.3239639699459076,0.662103533744812,0.6443824172019959,-0.38260987401008608,0.0122242271900177,0.5011920928955078,0.8652496933937073]}},{"time":0.2614004999923054,"poses":{"Left Shoulder":[0.21069282293319703,-0.3509376347064972,0.16051983833312989,-0.40594539046287539,0.9134014248847961,0.03010140359401703,-0.8931289315223694,-0.4034869372844696,0.19879373908042909,0.19372400641441346,0.053814955055713657,0.9795788526535034],"Right Shoulder":[-0.1995810866355896,-0.3363550305366516,0.2119634747505188,-0.4189164638519287,-0.9075891375541687,0.028124555945396425,0.8760136961936951,-0.39580264687538149,0.2755727767944336,-0.23897506296634675,0.14007948338985444,0.9608688354492188],"Neck":[0.0018431320786476136,0.10902531445026398,-0.032172828912734988,0.9310693144798279,0.3648107647895813,-0.004796450957655907,-0.3630126714706421,0.9276350736618042,0.08783499151468277,0.03649250417947769,-0.08003930002450943,0.9961234927177429],"Right Hip":[1.0458202362060547,0.8121974468231201,-0.15856453776359559,0.9583735466003418,0.28531891107559206,0.010640878230333329,-0.27334898710250857,0.9061276316642761,0.32282039523124697,0.08246476948261261,-0.3122912347316742,0.9464004039764404],"Left Hip":[-1.062075138092041,-0.14693382382392884,0.19764697551727296,0.4161444306373596,-0.8657490015029907,0.2780328691005707,0.9086446762084961,0.38433653116226199,-0.1632484644651413,0.034474022686481479,0.3205680251121521,0.9465978741645813],"RootJoint":[0.4669342041015625,0.0784759521484375,-0.7580349445343018,0.6621506214141846,-0.6319626569747925,0.4027155637741089,0.7493201494216919,0.5521226525306702,-0.3656225800514221,0.008711397647857666,0.5438600778579712,0.839130699634552]}},{"time":0.28077162499539556,"poses":{"Left Shoulder":[0.21069282293319703,-0.3509376347064972,0.16051983833312989,-0.40594539046287539,0.9134014248847961,0.03010140359401703,-0.8931289315223694,-0.4034869372844696,0.19879373908042909,0.19372400641441346,0.053814955055713657,0.9795788526535034],"Right Shoulder":[-0.1995810866355896,-0.3363550305366516,0.2119634747505188,-0.4189164638519287,-0.9075891375541687,0.028124555945396425,0.8760136961936951,-0.39580264687538149,0.2755727767944336,-0.23897506296634675,0.14007948338985444,0.9608688354492188],"Neck":[0.0018431320786476136,0.10902531445026398,-0.032172828912734988,0.9310693144798279,0.3648107647895813,-0.004796450957655907,-0.3630126714706421,0.9276350736618042,0.08783499151468277,0.03649250417947769,-0.08003930002450943,0.9961234927177429],"Right Hip":[1.0458202362060547,0.8121974468231201,-0.15856453776359559,0.9583735466003418,0.28531891107559206,0.010640878230333329,-0.27334898710250857,0.9061276316642761,0.32282039523124697,0.08246476948261261,-0.3122912347316742,0.9464004039764404],"Left Hip":[-1.062075138092041,-0.14693382382392884,0.19764697551727296,0.4161444306373596,-0.8657490015029907,0.2780328691005707,0.9086446762084961,0.38433653116226199,-0.1632484644651413,0.034474022686481479,0.3205680251121521,0.9465978741645813],"RootJoint":[0.4669342041015625,0.0784759521484375,-0.7580349445343018,0.6621506214141846,-0.6319626569747925,0.4027155637741089,0.7493201494216919,0.5521226525306702,-0.3656225800514221,0.008711397647857666,0.5438600778579712,0.839130699634552]}},{"time":0.30041158333187925,"poses":{"Left Shoulder":[0.08102816343307495,-0.3451719284057617,0.2077229619026184,-0.5970886945724487,0.8010903596878052,-0.04170665889978409,-0.7797871828079224,-0.5674417614936829,0.2644653022289276,0.18819448351860047,0.19043156504631043,0.9634930491447449],"Right Shoulder":[-0.06999242305755615,-0.33013391494750979,0.2311154007911682,-0.6074216365814209,-0.7900974750518799,0.08236993849277497,0.7649372816085815,-0.5537874698638916,0.32892292737960818,-0.21426577866077424,0.26280272006988528,0.9407574534416199],"Neck":[0.004648968577384949,0.11914604902267456,-0.03927233815193176,0.8581079840660095,0.5133835077285767,0.00938282161951065,-0.5097259283065796,0.8495075702667236,0.13607463240623475,0.061887696385383609,-0.12154939770698548,0.9906541705131531],"Right Hip":[1.1583292484283448,0.9526159763336182,-0.18737509846687318,0.877691388130188,0.4787100851535797,-0.02223914861679077,-0.4313373267650604,0.8093540072441101,0.39861544966697695,0.20882055163383485,-0.3402687609195709,0.9168485403060913],"Left Hip":[-1.0011820793151856,-0.16783010959625245,0.24512338638305665,0.36263519525527956,-0.8847646713256836,0.2927238345146179,0.9292992353439331,0.3668992519378662,-0.04228267818689346,-0.06998992711305618,0.2873612344264984,0.9552617073059082],"RootJoint":[0.5122489929199219,0.13296127319335938,-1.085949182510376,0.5691848993301392,-0.6685538291931152,0.478606641292572,0.8219013214111328,0.4467031955718994,-0.35346075892448428,0.022512435913085939,0.5945519208908081,0.8037420511245728]}},{"time":0.31700262500089596,"poses":{"Left Shoulder":[0.08102816343307495,-0.3451719284057617,0.2077229619026184,-0.5970886945724487,0.8010903596878052,-0.04170665889978409,-0.7797871828079224,-0.5674417614936829,0.2644653022289276,0.18819448351860047,0.19043156504631043,0.9634930491447449],"Right Shoulder":[-0.06999242305755615,-0.33013391494750979,0.2311154007911682,-0.6074216365814209,-0.7900974750518799,0.08236993849277497,0.7649372816085815,-0.5537874698638916,0.32892292737960818,-0.21426577866077424,0.26280272006988528,0.9407574534416199],"Neck":[0.004648968577384949,0.11914604902267456,-0.03927233815193176,0.8581079840660095,0.5133835077285767,0.00938282161951065,-0.5097259283065796,0.8495075702667236,0.13607463240623475,0.061887696385383609,-0.12154939770698548,0.9906541705131531],"Right Hip":[1.1583292484283448,0.9526159763336182,-0.18737509846687318,0.877691388130188,0.4787100851535797,-0.02223914861679077,-0.4313373267650604,0.8093540072441101,0.39861544966697695,0.20882055163383485,-0.3402687609195709,0.9168485403060913],"Left Hip":[-1.0011820793151856,-0.16783010959625245,0.24512338638305665,0.36263519525527956,-0.8847646713256836,0.2927238345146179,0.9292992353439331,0.3668992519378662,-0.04228267818689346,-0.06998992711305618,0.2873612344264984,0.9552617073059082],"RootJoint":[0.5122489929199219,0.13296127319335938,-1.085949182510376,0.5691848993301392,-0.6685538291931152,0.478606641292572,0.8219013214111328,0.4467031955718994,-0.35346075892448428,0.022512435913085939,0.5945519208908081,0.8037420511245728]}},{"time":0.3328008333337493,"poses":{"Left Shoulder":[0.08102816343307495,-0.3451719284057617,0.2077229619026184,-0.5970886945724487,0.8010903596878052,-0.04170665889978409,-0.7797871828079224,-0.5674417614936829,0.2644653022289276,0.18819448351860047,0.19043156504631043,0.9634930491447449],"Right Shoulder":[-0.06999242305755615,-0.33013391494750979,0.2311154007911682,-0.6074216365814209,-0.7900974750518799,0.08236993849277497,0.7649372816085815,-0.5537874698638916,0.32892292737960818,-0.21426577866077424,0.26280272006988528,0.9407574534416199],"Neck":[0.004648968577384949,0.11914604902267456,-0.03927233815193176,0.8581079840660095,0.5133835077285767,0.00938282161951065,-0.5097259283065796,0.8495075702667236,0.13607463240623475,0.061887696385383609,-0.12154939770698548,0.9906541705131531],"Right Hip":[1.1583292484283448,0.9526159763336182,-0.18737509846687318,0.877691388130188,0.4787100851535797,-0.02223914861679077,-0.4313373267650604,0.8093540072441101,0.39861544966697695,0.20882055163383485,-0.3402687609195709,0.9168485403060913],"Left Hip":[-1.0011820793151856,-0.16783010959625245,0.24512338638305665,0.36263519525527956,-0.8847646713256836,0.2927238345146179,0.9292992353439331,0.3668992519378662,-0.04228267818689346,-0.06998992711305618,0.2873612344264984,0.9552617073059082],"RootJoint":[0.5122489929199219,0.13296127319335938,-1.085949182510376,0.5691848993301392,-0.6685538291931152,0.478606641292572,0.8219013214111328,0.4467031955718994,-0.35346075892448428,0.022512435913085939,0.5945519208908081,0.8037420511245728]}},{"time":0.35044708332861776,"poses":{"Left Shoulder":[-0.03464478254318237,-0.31513357162475588,0.25117963552474978,-0.7382556200027466,0.6636616587638855,-0.12054817378520966,-0.6574011445045471,-0.6679250597953796,0.3488551378250122,0.1510046273469925,0.3367927670478821,0.9293913245201111],"Right Shoulder":[0.04168477654457092,-0.3046071529388428,0.21617799997329713,-0.7435073256492615,-0.6540451049804688,0.13936229050159455,0.6487195491790772,-0.6548293828964233,0.3877646028995514,-0.16235707700252534,0.37871286273002627,0.9111619591712952],"Neck":[0.013704553246498108,0.12986044585704804,-0.048359960317611697,0.7617934942245483,0.6435368657112122,0.07437047362327576,-0.642844021320343,0.7367427349090576,0.2096703052520752,0.0801386684179306,-0.20753410458564759,0.9749397039413452],"Right Hip":[1.12544846534729,1.0670603513717652,-0.19876042008399964,0.8314811587333679,0.547441303730011,-0.09458930790424347,-0.43626272678375246,0.7488256096839905,0.49893391132354739,0.34396791458129885,-0.3735883831977844,0.8614625930786133],"Left Hip":[-1.0372402667999268,-0.11030513048171997,0.24999427795410157,0.48194774985313418,-0.82683265209198,0.2899554669857025,0.8723201751708984,0.483887255191803,-0.0700761154294014,-0.08236455917358399,0.2867070138454437,0.9544711112976074],"RootJoint":[0.5550003051757813,0.18320846557617188,-1.275118112564087,0.4977889955043793,-0.6806891560554504,0.5374648571014404,0.8646547198295593,0.34114646911621096,-0.36876997351646426,0.06766346096992493,0.6482911109924316,0.7583799958229065]}},{"time":0.37203795832465405,"poses":{"Left Shoulder":[-0.03464478254318237,-0.31513357162475588,0.25117963552474978,-0.7382556200027466,0.6636616587638855,-0.12054817378520966,-0.6574011445045471,-0.6679250597953796,0.3488551378250122,0.1510046273469925,0.3367927670478821,0.9293913245201111],"Right Shoulder":[0.04168477654457092,-0.3046071529388428,0.21617799997329713,-0.7435073256492615,-0.6540451049804688,0.13936229050159455,0.6487195491790772,-0.6548293828964233,0.3877646028995514,-0.16235707700252534,0.37871286273002627,0.9111619591712952],"Neck":[0.013704553246498108,0.12986044585704804,-0.048359960317611697,0.7617934942245483,0.6435368657112122,0.07437047362327576,-0.642844021320343,0.7367427349090576,0.2096703052520752,0.0801386684179306,-0.20753410458564759,0.9749397039413452],"Right Hip":[1.12544846534729,1.0670603513717652,-0.19876042008399964,0.8314811587333679,0.547441303730011,-0.09458930790424347,-0.43626272678375246,0.7488256096839905,0.49893391132354739,0.34396791458129885,-0.3735883831977844,0.8614625930786133],"Left Hip":[-1.0372402667999268,-0.11030513048171997,0.24999427795410157,0.48194774985313418,-0.82683265209198,0.2899554669857025,0.8723201751708984,0.483887255191803,-0.0700761154294014,-0.08236455917358399,0.2867070138454437,0.9544711112976074],"RootJoint":[0.5550003051757813,0.18320846557617188,-1.275118112564087,0.4977889955043793,-0.6806891560554504,0.5374648571014404,0.8646547198295593,0.34114646911621096,-0.36876997351646426,0.06766346096992493,0.6482911109924316,0.7583799958229065]}},{"time":0.40338658333348578,"poses":{"Left Shoulder":[-0.3608055114746094,-0.44217681884765627,0.25824928283691409,-0.8197556734085083,0.5476152896881104,-0.16768495738506318,-0.5591537952423096,-0.701938271522522,0.44116872549057009,0.12388620525598526,0.45541220903396609,0.8816190958023071],"Right Shoulder":[0.3630485534667969,-0.43813323974609377,0.23628807067871095,-0.8212188482284546,-0.5441992282867432,0.17160075902938844,0.55613112449646,-0.6960025429725647,0.45420119166374209,-0.12774136662483216,0.4684310853481293,0.8742165565490723],"Neck":[0.02516358345746994,0.1378321647644043,-0.057163357734680179,0.6540682315826416,0.7315805554389954,0.19231408834457398,-0.7502755522727966,0.5950456261634827,0.28810983896255495,0.0963398739695549,-0.33273208141326907,0.9380874633789063],"Right Hip":[0.9103248119354248,1.2118806838989258,-0.2814517915248871,0.8415471911430359,0.4848770797252655,-0.2381017506122589,-0.2535518705844879,0.7437700629234314,0.6184799671173096,0.4769797623157501,-0.4601089656352997,0.748859167098999],"Left Hip":[-1.1705548763275147,-0.10719567537307739,0.10214626789093018,0.5534684658050537,-0.8213979005813599,0.13776138424873353,0.8226115703582764,0.5132407546043396,-0.24473291635513307,0.13031834363937379,0.24877607822418214,0.9597539901733398],"RootJoint":[0.5973243713378906,0.24518203735351563,-1.3535511493682862,0.4621514678001404,-0.6776248216629028,0.572049617767334,0.8779702186584473,0.25881513953208926,-0.40271973609924319,0.12483777105808258,0.6883599758148193,0.7145461440086365]}},{"time":0.416528333327733,"poses":{"Left Shoulder":[-0.3608055114746094,-0.44217681884765627,0.25824928283691409,-0.8197556734085083,0.5476152896881104,-0.16768495738506318,-0.5591537952423096,-0.701938271522522,0.44116872549057009,0.12388620525598526,0.45541220903396609,0.8816190958023071],"Right Shoulder":[0.3630485534667969,-0.43813323974609377,0.23628807067871095,-0.8212188482284546,-0.5441992282867432,0.17160075902938844,0.55613112449646,-0.6960025429725647,0.45420119166374209,-0.12774136662483216,0.4684310853481293,0.8742165565490723],"Neck":[0.02516358345746994,0.1378321647644043,-0.057163357734680179,0.6540682315826416,0.7315805554389954,0.19231408834457398,-0.7502755522727966,0.5950456261634827,0.28810983896255495,0.0963398739695549,-0.33273208141326907,0.9380874633789063],"Right Hip":[0.9103248119354248,1.2118806838989258,-0.2814517915248871,0.8415471911430359,0.4848770797252655,-0.2381017506122589,-0.2535518705844879,0.7437700629234314,0.6184799671173096,0.4769797623157501,-0.4601089656352997,0.748859167098999],"Left Hip":[-1.1705548763275147,-0.10719567537307739,0.10214626789093018,0.5534684658050537,-0.8213979005813599,0.13776138424873353,0.8226115703582764,0.5132407546043396,-0.24473291635513307,0.13031834363937379,0.24877607822418214,0.9597539901733398],"RootJoint":[0.5973243713378906,0.24518203735351563,-1.3535511493682862,0.4621514678001404,-0.6776248216629028,0.572049617767334,0.8779702186584473,0.25881513953208926,-0.40271973609924319,0.12483777105808258,0.6883599758148193,0.7145461440086365]}},{"time":0.43671245833684227,"poses":{"Left Shoulder":[-0.628570556640625,-0.5625114440917969,0.2284717559814453,-0.8465943336486816,0.5080921649932861,-0.15849409997463227,-0.5081731081008911,-0.6831111311912537,0.5245180726051331,0.15823449194431306,0.5245965123176575,0.8365167379379273],"Right Shoulder":[0.6286048889160156,-0.5626564025878906,0.35130977630615237,-0.8465967178344727,-0.5080944895744324,0.15847381949424745,0.5081645846366882,-0.683117151260376,0.5245184302330017,-0.15824875235557557,0.5245863795280457,0.8365201950073242],"Neck":[0.016045287251472474,0.15149886906147004,-0.07035794854164124,0.5571068525314331,0.7922810912132263,0.24884262681007386,-0.7976561188697815,0.42715898156166079,0.4257698953151703,0.23103410005569459,-0.43569013476371767,0.8699410557746887],"Right Hip":[0.46196144819259646,1.3584892749786378,-0.5310893058776856,0.9811261892318726,0.03876173868775368,-0.1894436478614807,0.0692475438117981,0.8442970514297485,0.5313823819160461,0.18054401874542237,-0.5344716906547546,0.8256778120994568],"Left Hip":[-0.8842281103134155,0.5182473063468933,0.33064115047454836,0.8378851413726807,-0.49403977394104006,0.23210588097572328,0.534493088722229,0.8288629055023193,-0.16523723304271699,-0.11075019836425781,0.2625088095664978,0.9585528373718262],"RootJoint":[0.4513664245605469,0.21189117431640626,-1.3355343341827393,0.41904497146606448,-0.6157325506210327,0.6672891974449158,0.9045078754425049,0.21901413798332215,-0.365921288728714,0.07916390895843506,0.7569057941436768,0.6487116813659668]}},{"time":0.45694379166525325,"poses":{"Left Shoulder":[-0.628570556640625,-0.5625114440917969,0.2284717559814453,-0.8465943336486816,0.5080921649932861,-0.15849409997463227,-0.5081731081008911,-0.6831111311912537,0.5245180726051331,0.15823449194431306,0.5245965123176575,0.8365167379379273],"Right Shoulder":[0.6286048889160156,-0.5626564025878906,0.35130977630615237,-0.8465967178344727,-0.5080944895744324,0.15847381949424745,0.5081645846366882,-0.683117151260376,0.5245184302330017,-0.15824875235557557,0.5245863795280457,0.8365201950073242],"Neck":[0.016045287251472474,0.15149886906147004,-0.07035794854164124,0.5571068525314331,0.7922810912132263,0.24884262681007386,-0.7976561188697815,0.42715898156166079,0.4257698953151703,0.23103410005569459,-0.43569013476371767,0.8699410557746887],"Right Hip":[0.46196144819259646,1.3584892749786378,-0.5310893058776856,0.9811261892318726,0.03876173868775368,-0.1894436478614807,0.0692475438117981,0.8442970514297485,0.5313823819160461,0.18054401874542237,-0.5344716906547546,0.8256778120994568],"Left Hip":[-0.8842281103134155,0.5182473063468933,0.33064115047454836,0.8378851413726807,-0.49403977394104006,0.23210588097572328,0.534493088722229,0.8288629055023193,-0.16523723304271699,-0.11075019836425781,0.2625088095664978,0.9585528373718262],"RootJoint":[0.4513664245605469,0.21189117431640626,-1.3355343341827393,0.41904497146606448,-0.6157325506210327,0.6672891974449158,0.9045078754425049,0.21901413798332215,-0.365921288728714,0.07916390895843506,0.7569057941436768,0.6487116813659668]}},{"time":0.4744639583368553,"poses":{"Left Shoulder":[-0.2612724304199219,-0.30905914306640627,0.2865171432495117,0.3019685447216034,0.9400504231452942,-0.15849342942237855,-0.7808801531791687,0.3392733037471771,0.5245186686515808,0.5468466281890869,-0.034623757004737857,0.8365165591239929],"Right Shoulder":[0.2612266540527344,-0.30912017822265627,0.3005657196044922,0.3019675612449646,-0.940053403377533,0.15847806632518769,0.7808756232261658,0.33926358819007876,0.5245317220687866,-0.5468536615371704,-0.03463992476463318,0.8365113735198975],"Neck":[0.005084604024887085,0.1438048779964447,-0.061137229204177859,0.49659600853919985,0.7888554930686951,0.36207661032676699,-0.8177638649940491,0.28538233041763308,0.49981921911239626,0.29095491766929629,-0.5443013310432434,0.786817193031311],"Right Hip":[0.7386062741279602,0.9421687126159668,-0.3475571572780609,0.9918758273124695,0.03222430869936943,0.12306055426597595,-0.07700982689857483,0.9220842123031616,0.37924954295158389,-0.10125114023685456,-0.3856453597545624,0.9170746207237244],"Left Hip":[-0.637874960899353,0.28025615215301516,0.33580702543258669,0.8377127051353455,-0.36257457733154299,0.40838363766670229,0.4212861657142639,0.904887855052948,-0.060794442892074588,-0.3474988639354706,0.22297462821006776,0.9107836484909058],"RootJoint":[0.596923828125,0.09287261962890625,-0.9239962100982666,0.4295459985733032,-0.6352424621582031,0.6418390274047852,0.902717113494873,0.2829023003578186,-0.32414203882217409,0.02433106303215027,0.7186329960823059,0.694963812828064]}},{"time":0.49368099999264816,"poses":{"Left Shoulder":[-0.2612724304199219,-0.30905914306640627,0.2865171432495117,0.3019685447216034,0.9400504231452942,-0.15849342942237855,-0.7808801531791687,0.3392733037471771,0.5245186686515808,0.5468466281890869,-0.034623757004737857,0.8365165591239929],"Right Shoulder":[0.2612266540527344,-0.30912017822265627,0.3005657196044922,0.3019675612449646,-0.940053403377533,0.15847806632518769,0.7808756232261658,0.33926358819007876,0.5245317220687866,-0.5468536615371704,-0.03463992476463318,0.8365113735198975],"Neck":[0.005084604024887085,0.1438048779964447,-0.061137229204177859,0.49659600853919985,0.7888554930686951,0.36207661032676699,-0.8177638649940491,0.28538233041763308,0.49981921911239626,0.29095491766929629,-0.5443013310432434,0.786817193031311],"Right Hip":[0.7386062741279602,0.9421687126159668,-0.3475571572780609,0.9918758273124695,0.03222430869936943,0.12306055426597595,-0.07700982689857483,0.9220842123031616,0.37924954295158389,-0.10125114023685456,-0.3856453597545624,0.9170746207237244],"Left Hip":[-0.637874960899353,0.28025615215301516,0.33580702543258669,0.8377127051353455,-0.36257457733154299,0.40838363766670229,0.4212861657142639,0.904887855052948,-0.060794442892074588,-0.3474988639354706,0.22297462821006776,0.9107836484909058],"RootJoint":[0.596923828125,0.09287261962890625,-0.9239962100982666,0.4295459985733032,-0.6352424621582031,0.6418390274047852,0.902717113494873,0.2829023003578186,-0.32414203882217409,0.02433106303215027,0.7186329960823059,0.694963812828064]}},{"time":0.5127820416673785,"poses":{"Left Shoulder":[1.234649658203125,0.38006591796875,0.17155838012695313,0.6136728525161743,0.7061519622802734,0.35320690274238589,-0.7815165519714356,0.6069463491439819,0.14438888430595399,-0.11241715401411057,-0.3646445572376251,0.9243358373641968],"Right Shoulder":[-1.2347640991210938,0.38001441955566409,-0.3480072021484375,0.6136766076087952,-0.706146240234375,-0.35321155190467837,0.7815151214599609,0.6069431304931641,0.1444091796875,0.11240533739328385,-0.36466073989868166,0.9243308305740356],"Neck":[-0.014878422021865845,0.10537147521972656,-0.030793726444244386,0.518840491771698,0.7288272976875305,0.4467831254005432,-0.808900773525238,0.2494795024394989,0.532390296459198,0.2765573263168335,-0.637628972530365,0.7189890146255493],"Right Hip":[0.4078950881958008,0.2414259910583496,-0.08875656127929688,0.8856257200241089,-0.23690326511859895,0.3994295001029968,0.1776585429906845,0.9675047993659973,0.17992180585861207,-0.4290740489959717,-0.08838129788637161,0.8989350199699402],"Left Hip":[0.13777881860733033,-0.014982104301452637,-0.016722679138183595,0.8350982666015625,-0.08912056684494019,0.5428337454795837,0.033749938011169437,0.9932310581207275,0.11114417016506195,-0.549064576625824,-0.07449570298194885,0.8324533700942993],"RootJoint":[0.6160736083984375,0.040309906005859378,-0.30014634132385256,0.4924597442150116,-0.7187845706939697,0.4907463788986206,0.8670625686645508,0.45403042435646059,-0.2050822377204895,-0.07540391385555268,0.5265026092529297,0.8468229174613953]}},{"time":0.5302706666698214,"poses":{"Left Shoulder":[1.234649658203125,0.38006591796875,0.17155838012695313,0.6136728525161743,0.7061519622802734,0.35320690274238589,-0.7815165519714356,0.6069463491439819,0.14438888430595399,-0.11241715401411057,-0.3646445572376251,0.9243358373641968],"Right Shoulder":[-1.2347640991210938,0.38001441955566409,-0.3480072021484375,0.6136766076087952,-0.706146240234375,-0.35321155190467837,0.7815151214599609,0.6069431304931641,0.1444091796875,0.11240533739328385,-0.36466073989868166,0.9243308305740356],"Neck":[-0.014878422021865845,0.10537147521972656,-0.030793726444244386,0.518840491771698,0.7288272976875305,0.4467831254005432,-0.808900773525238,0.2494795024394989,0.532390296459198,0.2765573263168335,-0.637628972530365,0.7189890146255493],"Right Hip":[0.4078950881958008,0.2414259910583496,-0.08875656127929688,0.8856257200241089,-0.23690326511859895,0.3994295001029968,0.1776585429906845,0.9675047993659973,0.17992180585861207,-0.4290740489959717,-0.08838129788637161,0.8989350199699402],"Left Hip":[0.13777881860733033,-0.014982104301452637,-0.016722679138183595,0.8350982666015625,-0.08912056684494019,0.5428337454795837,0.033749938011169437,0.9932310581207275,0.11114417016506195,-0.549064576625824,-0.07449570298194885,0.8324