[{"time":0.017214666673680769,"poses":{"Left Shoulder":[-0.17784927785396577,-0.12810368835926057,-0.20487530529499055,0.051264986395835879,0.6505413055419922,-0.7577387690544128,-0.9981145858764648,0.05901789665222168,-0.016859054565429689,0.033752620220184329,0.7571743726730347,0.652340292930603],"Right Shoulder":[0.1299062818288803,-0.07502604275941849,-0.2597997188568115,0.30410265922546389,-0.591953694820404,0.7463996410369873,0.8960596919059753,-0.08825624734163284,-0.43507224321365359,0.323417067527771,0.8011252284049988,0.5035868883132935],"Neck":[1.916357916798006e-7,-8.847842458692412e-9,3.5758384342443608e-7,0.9999961853027344,-0.0027533380780369045,2.2242284103413113e-7,0.002753314794972539,0.9999874830245972,-0.004177721682935953,0.00001128010444517713,0.004177706781774759,0.9999912977218628],"Right Hip":[0,0,0,1.1920928955078126e-7,-0.9659258127212524,-0.258819043636322,1,1.1548399925231934e-7,2.9802322387695315e-8,0,-0.258819043636322,0.9659258127212524],"Left Hip":[0,0,4.76837158203125e-7,1.1920928955078126e-7,0.9659258127212524,0.258819043636322,-1,1.1548399925231934e-7,2.9802322387695315e-8,0,-0.258819043636322,0.9659258127212524],"RootJoint":[0,0,-1.5000001192092896,1,0,0,0,1,0,0,0,1]}},{"time":0.03428154165158048,"poses":{"Left Shoulder":[-0.17784707248210908,-0.12810204923152924,-0.20487511157989503,0.09551777690649033,0.6519776582717896,-0.7521977424621582,-0.9940392971038818,0.10237104445695877,-0.03749653697013855,0.052556395530700687,0.7512956857681274,0.6578696370124817],"Right Shoulder":[0.12990646064281465,-0.07502561062574387,-0.259799599647522,0.3297888934612274,-0.5787495970726013,0.7458474040031433,0.8989762663841248,-0.048694267868995669,-0.4352823495864868,0.288237988948822,0.8140503168106079,0.5042233467102051],"Neck":[9.240291376499954e-8,-6.2481735341179959e-9,1.2919187497573149e-7,0.9999971985816956,-0.00237077078782022,-6.554682840942405e-8,0.002370754024013877,0.9999901652336121,-0.0037507282104343178,0.000008949073162511923,0.0037507175002247097,0.9999929666519165],"Right Hip":[0,0,0,1.2293457984924317e-7,-0.9659258127212524,-0.258819043636322,1,1.1548399925231934e-7,4.470348358154297e-8,-1.4901161193847657e-8,-0.258819043636322,0.9659258127212524],"Left Hip":[0,0,4.76837158203125e-7,1.2293457984924317e-7,0.9659258127212524,0.258819043636322,-1,1.1548399925231934e-7,4.470348358154297e-8,1.4901161193847657e-8,-0.258819043636322,0.9659258127212524],"RootJoint":[0,0,-1.5000001192092896,1,0,0,0,1,0,0,0,1]}},{"time":0.0512589999998454,"poses":{"Left Shoulder":[-0.17784486711025239,-0.1281004250049591,-0.2048749029636383,0.13968037068843842,0.6513174176216126,-0.7458385229110718,-0.9876495003700256,0.14563201367855073,-0.057790786027908328,0.0709778368473053,0.744699239730835,0.6636152863502502],"Right Shoulder":[0.12990663945674897,-0.07502517104148865,-0.2597995400428772,0.3547688126564026,-0.5641765594482422,0.7455492615699768,0.9002233743667603,-0.00919853150844574,-0.43533116579055788,0.2524614930152893,0.8256028294563294,0.5046215653419495],"Neck":[-6.878856595449179e-9,-3.6482346033039905e-9,-9.929233613092947e-8,0.9999980330467224,-0.0019881525076925756,-1.7712386579660234e-7,0.0019881408661603929,0.9999924898147583,-0.0033236646559089424,0.000006794260116294026,0.0033236576709896328,0.9999944567680359],"Right Hip":[0,0,0,1.1920928955078126e-7,-0.9659258127212524,-0.258819043636322,1,1.1548399925231934e-7,2.9802322387695315e-8,0,-0.258819043636322,0.9659258127212524],"Left Hip":[0,0,4.76837158203125e-7,1.1920928955078126e-7,0.9659258127212524,0.258819043636322,-1,1.1548399925231934e-7,2.9802322387695315e-8,0,-0.258819043636322,0.9659258127212524],"RootJoint":[0,0,-1.5000001192092896,1,0,0,0,1,0,0,0,1]}},{"time":0.06855766667285934,"poses":{"Left Shoulder":[-0.1778426617383957,-0.12809880077838899,-0.2048746943473816,0.18364228308200837,0.6485615968704224,-0.7386766672134399,-0.9789570569992065,0.1886921226978302,-0.07770583033561707,0.08898553252220154,0.7374029159545898,0.6695657968521118],"Right Shoulder":[0.1299068182706833,-0.07502473890781403,-0.25979945063591006,0.37897640466690066,-0.5482702255249023,0.7455041408538818,0.8998095989227295,0.030156802386045457,-0.4352390766143799,0.21614661812782288,0.8357571363449097,0.5047675967216492],"Neck":[-1.0616061274504318e-7,-1.0482957835122875e-9,-3.27776518815881e-7,0.9999986886978149,-0.0016055332962423564,-1.3894737094233279e-7,0.001605526078492403,0.9999945163726807,-0.0028966006357222797,0.000004789199920196552,0.002896596910431981,0.9999958276748657],"Right Hip":[0,0,0,1.1920928955078126e-7,-0.9659258127212524,-0.258819043636322,1,1.1548399925231934e-7,2.9802322387695315e-8,0,-0.258819043636322,0.9659258127212524],"Left Hip":[0,0,4.76837158203125e-7,1.1920928955078126e-7,0.9659258127212524,0.258819043636322,-1,1.1548399925231934e-7,2.9802322387695315e-8,0,-0.258819043636322,0.9659258127212524],"RootJoint":[0,0,-1.5000001192092896,1,0,0,0,1,0,0,0,1]}},{"time":0.08475979167269543,"poses":{"Left Shoulder":[-0.1778404414653778,-0.12809716165065766,-0.20487448573112489,0.22729387879371644,0.6437171697616577,-0.7307294607162476,-0.9679796695709229,0.23144367337226869,-0.09720641374588013,0.10654932260513306,0.7294257283210754,0.675710916519165],"Right Shoulder":[0.12990699708461762,-0.07502429187297821,-0.25979936122894289,0.4023467004299164,-0.5310690999031067,0.7457095384597778,0.8977468609809876,0.06929762661457062,-0.4350268840789795,0.17935338616371156,0.8444900512695313,0.5046472549438477],"Neck":[-3.360651490424971e-8,-7.373636701224484e-10,-2.583017248980468e-7,0.999998927116394,-0.0014525464503094555,-7.103267307684291e-8,0.0014525410952046514,0.9999954104423523,-0.002667721826583147,0.00000392606216337299,0.002667719032615423,0.9999964833259583],"Right Hip":[0,0,0,1.1548399925231934e-7,-0.9659258127212524,-0.258819043636322,1,1.1548399925231934e-7,1.4901161193847657e-8,1.4901161193847657e-8,-0.258819043636322,0.9659258127212524],"Left Hip":[0,0,4.76837158203125e-7,1.1548399925231934e-7,0.9659258127212524,0.258819043636322,-1,1.1548399925231934e-7,1.4901161193847657e-8,-1.4901161193847657e-8,-0.258819043636322,0.9659258127212524],"RootJoint":[0,0,-1.5000001192092896,1,0,0,0,1,0,0,0,1]}},{"time":0.10184795831446536,"poses":{"Left Shoulder":[-0.1778382509946823,-0.12809553742408753,-0.20487430691719056,0.2705249786376953,0.636796236038208,-0.7220157980918884,-0.9547405242919922,0.2737782597541809,-0.11625814437866211,0.12363946437835694,0.7207884788513184,0.6820390820503235],"Right Shoulder":[0.12990717589855195,-0.07502385973930359,-0.2597993016242981,0.4248168468475342,-0.5126140117645264,0.7461618781089783,0.8940503597259522,0.10815081745386124,-0.43471527099609377,0.14214318990707398,0.8517806529998779,0.5042471289634705],"Neck":[3.8984463657243398e-8,-4.2692277490985477e-10,-1.887629537122848e-7,0.9999991655349731,-0.0012996086152270437,5.004869763070019e-8,0.0012996048899367452,0.9999961853027344,-0.002438885159790516,0.0000031163281164481306,0.0024388832971453668,0.9999970197677612],"Right Hip":[0,0,0,1.1548399925231934e-7,-0.9659257531166077,-0.25881901383399966,0.9999999403953552,1.1548399925231934e-7,2.9802322387695315e-8,2.9802322387695315e-8,-0.25881901383399966,0.9659256935119629],"Left Hip":[0,0,4.76837158203125e-7,1.1548399925231934e-7,0.9659257531166077,0.25881901383399966,-0.9999999403953552,1.1548399925231934e-7,2.9802322387695315e-8,-2.9802322387695315e-8,-0.25881901383399966,0.9659256935119629],"RootJoint":[0,0,-1.5000001192092896,1,0,0,0,1,0,0,0,1]}},{"time":0.11800920832320117,"poses":{"Left Shoulder":[-0.17783604562282563,-0.1280939131975174,-0.20487409830093385,0.31322723627090456,0.6278157234191895,-0.712556004524231,-0.9392682313919067,0.3155893087387085,-0.13482791185379029,0.14022791385650636,0.7115130424499512,0.6885385513305664],"Right Shoulder":[0.12990736961364747,-0.07502342760562897,-0.2597992420196533,0.44632574915885928,-0.49294936656951907,0.746856153011322,0.888738751411438,0.14664435386657716,-0.434325635433197,0.10457825660705567,0.8576107621192932,0.5035543441772461],"Neck":[1.1157544577145018e-7,-1.1648193520841233e-10,-1.192242109482322e-7,0.9999993443489075,-0.001146671362221241,1.9930791950173444e-7,0.0011466690339148045,0.9999969005584717,-0.002210048958659172,0.000002334772489120951,0.00221004756167531,0.9999975562095642],"Right Hip":[0,0,0,1.1920928955078126e-7,-0.9659258127212524,-0.258819043636322,1,1.1548399925231934e-7,2.9802322387695315e-8,0,-0.258819043636322,0.9659258127212524],"Left Hip":[0,0,4.76837158203125e-7,1.1920928955078126e-7,0.9659258127212524,0.258819043636322,-1,1.1548399925231934e-7,2.9802322387695315e-8,0,-0.258819043636322,0.9659258127212524],"RootJoint":[0,0,-1.5000001192092896,1,0,0,0,1,0,0,0,1]}},{"time":0.13352316664531828,"poses":{"Left Shoulder":[-0.17783384025096894,-0.12809228897094727,-0.20487390458583833,0.35529395937919619,0.6167981624603272,-0.7023719549179077,-0.9215966463088989,0.35677194595336916,-0.15288400650024415,0.1562879979610443,0.7016223073005676,0.6951980590820313],"Right Shoulder":[0.1299075335264206,-0.07502298802137375,-0.25979912281036379,0.46681517362594607,-0.472121924161911,0.7477865219116211,0.8818343877792358,0.184707909822464,-0.4338792562484741,0.0667218267917633,0.8619651794433594,0.5025577545166016],"Neck":[5.7305726386402969e-8,-7.761858517030262e-11,-1.1920928955078126e-7,0.9999997019767761,-0.0007645082077942789,-1.5141256426431938e-7,0.0007645071600563824,0.9999986290931702,-0.0014734927099198104,0.0000012722516657959205,0.001473492244258523,0.999998927116394],"Right Hip":[0,0,0,1.1920928955078126e-7,-0.9659258127212524,-0.258819043636322,1,1.1548399925231934e-7,2.9802322387695315e-8,0,-0.258819043636322,0.9659258127212524],"Left Hip":[0,0,4.76837158203125e-7,1.1920928955078126e-7,0.9659258127212524,0.258819043636322,-1,1.1548399925231934e-7,2.9802322387695315e-8,0,-0.258819043636322,0.9659258127212524],"RootJoint":[0,0,-1.5000001192092896,1,0,0,0,1,0,0,0,1]}},{"time":0.15157287498004735,"poses":{"Left Shoulder":[-0.17783163487911225,-0.12809064984321595,-0.2048737108707428,0.3966186046600342,0.6037709712982178,-0.6914868354797363,-0.9017651081085205,0.3972213864326477,-0.17039531469345094,0.17179372906684876,0.6911407709121704,0.7020050883293152],"Right Shoulder":[0.12990771234035493,-0.07502254843711853,-0.259799063205719,0.48622816801071169,-0.4501810669898987,0.7489455342292786,0.8733626008033752,0.22227132320404054,-0.4333975315093994,0.02863830327987671,0.8648309707641602,0.5012458562850952],"Neck":[3.008782556435108e-9,-3.8813525310432698e-11,-1.1920928955078126e-7,0.9999999403953552,-0.0003822958387900144,-2.097585962701487e-7,0.0003822955477517098,0.9999996423721314,-0.0007368269143626094,5.021514084546652e-7,0.0007368267979472876,0.9999997019767761],"Right Hip":[0,0,0,1.1920928955078126e-7,-0.9659258127212524,-0.258819043636322,1,1.1548399925231934e-7,2.9802322387695315e-8,0,-0.258819043636322,0.9659258127212524],"Left Hip":[0,0,4.76837158203125e-7,1.1920928955078126e-7,0.9659258127212524,0.258819043636322,-1,1.1548399925231934e-7,2.9802322387695315e-8,0,-0.258819043636322,0.9659258127212524],"RootJoint":[0,0,-1.5000001192092896,1,0,0,0,1,0,0,0,1]}},{"time":0.16580204165074975,"poses":{"Left Shoulder":[-0.17783035337924958,-0.12808969616889954,-0.20487359166145326,0.42034128308296206,0.5952464938163757,-0.6848319172859192,-0.8892162442207336,0.420437753200531,-0.18035107851028443,0.18057584762573243,0.6847726702690125,0.7060302495956421],"Right Shoulder":[0.12990781664848329,-0.07502229511737824,-0.2597990036010742,0.49702298641204836,-0.43687212467193606,0.7497406601905823,0.8677142858505249,0.24391373991966248,-0.4331028461456299,0.006338536739349365,0.8658226728439331,0.5003108978271484],"Neck":[-5.128815772081907e-8,-8.465448868700924e-15,-1.1920928955078126e-7,1,-0,0,0,1,-0,0,0,1],"Right Hip":[0,0,0,1.1920928955078126e-7,-0.9659258127212524,-0.258819043636322,1,1.1548399925231934e-7,2.9802322387695315e-8,0,-0.258819043636322,0.9659258127212524],"Left Hip":[0,0,4.76837158203125e-7,1.1920928955078126e-7,0.9659258127212524,0.258819043636322,-1,1.1548399925231934e-7,2.9802322387695315e-8,0,-0.258819043636322,0.9659258127212524],"RootJoint":[0,0,-1.5000001192092896,1,0,0,0,1,0,0,0,1]}},{"time":0.18402174999937416,"poses":{"Left Shoulder":[-0.17783145606517793,-0.1280905157327652,-0.2048736810684204,0.40002894401550295,0.6025310754776001,-0.6906034350395203,-0.9000117778778076,0.4005553722381592,-0.17185503244400025,0.17307692766189576,0.6902982592582703,0.7025188207626343],"Right Shoulder":[0.1299077272415161,-0.07502251863479614,-0.259799063205719,0.48772960901260378,-0.44819724559783938,0.7491589188575745,0.8726245164871216,0.22530493140220643,-0.4333176016807556,0.02542257308959961,0.8650762438774109,0.5009958148002625],"Neck":[-4.114122731380121e-8,0,-7.948157332293704e-8,1,0,0,0,1,0,0,0,1],"Right Hip":[0,0,0,1.1920928955078126e-7,-0.9659258127212524,-0.258819043636322,1,1.1548399925231934e-7,2.9802322387695315e-8,0,-0.258819043636322,0.9659258127212524],"Left Hip":[0,0,4.76837158203125e-7,1.1920928955078126e-7,0.9659258127212524,0.258819043636322,-1,1.1548399925231934e-7,2.9802322387695315e-8,0,-0.258819043636322,0.9659258127212524],"RootJoint":[0,0,-1.5000001192092896,1,0,0,0,1,0,0,0,1]}},{"time":0.20034608332207427,"poses":{"Left Shoulder":[-0.17783328890800477,-0.12809187173843385,-0.20487385988235475,0.36570313572883608,0.613566517829895,-0.6998552083969116,-0.916831374168396,0.36695191264152529,-0.1573735773563385,0.16025406122207642,0.699201226234436,0.6967324614524841],"Right Shoulder":[0.12990757822990418,-0.0750228762626648,-0.25979912281036379,0.47160804271698,-0.46646764874458315,0.7483272552490234,0.8799550533294678,0.19396167993545533,-0.43365657329559328,0.057139962911605838,0.8630102872848511,0.5019444823265076],"Neck":[-3.098024237147001e-8,0,-3.974519202643023e-8,1,0,0,0,1,0,0,0,1],"Right Hip":[0,0,0,1.1920928955078126e-7,-0.9659258127212524,-0.258819043636322,1,1.1548399925231934e-7,2.9802322387695315e-8,0,-0.258819043636322,0.9659258127212524],"Left Hip":[0,0,4.76837158203125e-7,1.1920928955078126e-7,0.9659258127212524,0.258819043636322,-1,1.1548399925231934e-7,2.9802322387695315e-8,0,-0.258819043636322,0.9659258127212524],"RootJoint":[0,0,-1.5000001192092896,1,0,0,0,1,0,0,0,1]}},{"time":0.21891195833450184,"poses":{"Left Shoulder":[-0.1778358519077301,-0.12809376418590547,-0.20487408339977265,0.3167506456375122,0.6267226338386536,-0.7119604349136353,-0.9378753304481506,0.31902438402175906,-0.13643008470535279,0.1416289210319519,0.7109445333480835,0.6888389587402344],"Right Shoulder":[0.12990736961364747,-0.07502338290214539,-0.25979921221733096,0.44782018661499026,-0.4908285439014435,0.7473583221435547,0.8883638381958008,0.14952440559864045,-0.4341108798980713,0.10132566094398499,0.8583296537399292,0.5029942989349365],"Neck":[-2.0819252100068298e-8,0,-8.810728188701767e-12,1,0,0,0,1,0,0,0,1],"Right Hip":[0,0,0,1.1920928955078126e-7,-0.9659258127212524,-0.258819043636322,1,1.1548399925231934e-7,2.9802322387695315e-8,0,-0.258819043636322,0.9659258127212524],"Left Hip":[0,0,4.76837158203125e-7,1.1920928955078126e-7,0.9659258127212524,0.258819043636322,-1,1.1548399925231934e-7,2.9802322387695315e-8,0,-0.258819043636322,0.9659258127212524],"RootJoint":[0,0,-1.5,1,0,0,0,1,0,0,0,1]}},{"time":0.23320629165391439,"poses":{"Left Shoulder":[-0.17783917486667634,-0.12809622287750245,-0.20487438142299653,0.25253817439079287,0.6396876573562622,-0.7259644269943237,-0.9605362415313721,0.2561512589454651,-0.10842853784561157,0.11659625172615051,0.724697470664978,0.6791311502456665],"Right Shoulder":[0.12990710139274598,-0.07502403855323792,-0.2597993314266205,0.41532421112060549,-0.5200353860855103,0.7463704347610474,0.8959147930145264,0.09167761355638504,-0.4346628785133362,0.1576145589351654,0.8492104411125183,0.5039833188056946],"Neck":[-4.823505861395461e-8,3.879646603976994e-11,-1.0925084836799215e-7,1,0.00009716228669276461,-1.1481832018489513e-7,-0.00009716215572552755,0.9999996423721314,0.0008077985839918256,1.9962256203598373e-7,-0.0008077985839918256,0.9999996423721314],"Right Hip":[0,0,0,1.1920928955078126e-7,-0.9659258127212524,-0.258819043636322,1,1.1548399925231934e-7,2.9802322387695315e-8,0,-0.258819043636322,0.9659258127212524],"Left Hip":[0,0,4.76837158203125e-7,1.1920928955078126e-7,0.9659258127212524,0.258819043636322,-1,1.1548399925231934e-7,2.9802322387695315e-8,0,-0.258819043636322,0.9659258127212524],"RootJoint":[0,0,-1.500000238418579,1,0,0,0,1,0,0,0,1]}},{"time":0.2523139166587498,"poses":{"Left Shoulder":[-0.17784321308135987,-0.1280992031097412,-0.20487475395202638,0.17267699539661408,0.6494466662406921,-0.7405414581298828,-0.9813451170921326,0.17795218527317048,-0.07276472449302674,0.08452421426773071,0.7392915487289429,0.6680595278739929],"Right Shoulder":[0.1299067735671997,-0.07502483576536179,-0.2597994804382324,0.3730005919933319,-0.5523697137832642,0.7454918026924133,0.9000681638717651,0.020335428416728975,-0.4352741837501526,0.22527235746383668,0.8333510756492615,0.5047555565834045],"Neck":[-7.565921578134294e-8,7.760157100245024e-11,-2.1852602571925673e-7,1,0.00019434629939496517,-1.5900134542334855e-7,-0.0001943458046298474,0.9999986886978149,0.0016157766804099084,4.699502937910438e-7,-0.0016157766804099084,0.9999986886978149],"Right Hip":[0,0,0,1.1548399925231934e-7,-0.9659258127212524,-0.258819043636322,1,1.1548399925231934e-7,1.4901161193847657e-8,1.4901161193847657e-8,-0.258819043636322,0.9659258127212524],"Left Hip":[0,0,4.76837158203125e-7,1.1548399925231934e-7,0.9659258127212524,0.258819043636322,-1,1.1548399925231934e-7,1.4901161193847657e-8,-1.4901161193847657e-8,-0.258819043636322,0.9659258127212524],"RootJoint":[0,0,-1.5000001192092896,1,0,0,0,1,0,0,0,1]}},{"time":0.2685205833404325,"poses":{"Left Shoulder":[-0.17784543335437776,-0.12810084223747254,-0.20487497746944428,0.1286543309688568,0.6516789197921753,-0.7475042343139648,-0.9894633293151856,0.1348314881324768,-0.05275148153305054,0.06641015410423279,0.7464147210121155,0.6621589660644531],"Right Shoulder":[0.12990660965442658,-0.0750252828001976,-0.2597995698451996,0.3485940396785736,-0.5679460763931274,0.7456000447273254,0.9000676870346069,-0.0190618634223938,-0.4353330135345459,0.26145821809768679,0.8228449821472168,0.5045450925827026],"Neck":[-1.0308338005415863e-7,1.1640667596513055e-10,-3.278011888596666e-7,0.9999999403953552,0.0002915302466135472,-1.1837985880447377e-7,-0.00029152908246032894,0.9999970197677612,0.0024237532634288074,8.250818837041152e-7,-0.0024237532634288074,0.999997079372406],"Right Hip":[0,0,0,1.1920928955078126e-7,-0.9659258127212524,-0.258819043636322,1,1.1548399925231934e-7,2.9802322387695315e-8,0,-0.258819043636322,0.9659258127212524],"Left Hip":[0,0,4.76837158203125e-7,1.1920928955078126e-7,0.9659258127212524,0.258819043636322,-1,1.1548399925231934e-7,2.9802322387695315e-8,0,-0.258819043636322,0.9659258127212524],"RootJoint":[0,0,-1.500000238418579,1,0,0,0,1,0,0,0,1]}},{"time":0.28510179166914897,"poses":{"Left Shoulder":[-0.17784762382507325,-0.12810246646404267,-0.2048751413822174,0.08445882052183151,0.6518150568008423,-0.7536602020263672,-0.9952754974365234,0.09153727442026138,-0.03236794471740723,0.04789009690284729,0.7528333067893982,0.6564667224884033],"Right Shoulder":[0.12990641593933106,-0.07502571493387222,-0.25979965925216677,0.32343077659606936,-0.5821800231933594,0.7459615468978882,0.8984036445617676,-0.05858180671930313,-0.43524572253227236,0.2970910966396332,0.8109465837478638,0.5040854811668396],"Neck":[5.724075435864506e-9,3.103976242702089e-10,-2.682341744275618e-7,0.9999999403953552,0.0004039971681777388,-6.409806019291864e-8,-0.00040399536374025047,0.9999958872795105,0.002837549429386854,0.0000012119285202061292,-0.002837548963725567,0.9999959468841553],"Right Hip":[0,0,0,1.1920928955078126e-7,-0.9659258127212524,-0.258819043636322,1,1.1548399925231934e-7,2.9802322387695315e-8,0,-0.258819043636322,0.9659258127212524],"Left Hip":[0,0,4.76837158203125e-7,1.1920928955078126e-7,0.9659258127212524,0.258819043636322,-1,1.1548399925231934e-7,2.9802322387695315e-8,0,-0.258819043636322,0.9659258127212524],"RootJoint":[0,0,-1.5000001192092896,1,0,0,0,1,0,0,0,1]}},{"time":0.3015036666474771,"poses":{"Left Shoulder":[-0.17784982919692994,-0.1281040906906128,-0.20487534999847413,0.04020074009895325,0.6498548984527588,-0.758994460105896,-0.9987708330154419,0.048178091645240787,-0.011650383472442627,0.028995901346206666,0.7585299015045166,0.6509928703308106],"Right Shoulder":[0.12990623712539674,-0.07502615451812744,-0.2597997188568115,0.29757851362228396,-0.5950369238853455,0.7465773820877075,0.8950690627098084,-0.0981483981013298,-0.43499207496643069,0.3321117162704468,0.7976827621459961,0.5033923387527466],"Neck":[1.1456188531155931e-7,5.044231699002921e-10,-2.0862955807388062e-7,0.9999998807907105,0.0005164674366824329,3.610813337218133e-8,-0.0005164648755453527,0.9999945759773254,0.0032512578181922437,0.0000016447033885924612,-0.0032512573525309564,0.999994695186615],"Right Hip":[0,0,0,1.1920928955078126e-7,-0.9659258127212524,-0.258819043636322,1,1.1548399925231934e-7,2.9802322387695315e-8,0,-0.258819043636322,0.9659258127212524],"Left Hip":[0,0,4.76837158203125e-7,1.1920928955078126e-7,0.9659258127212524,0.258819043636322,-1,1.1548399925231934e-7,2.9802322387695315e-8,0,-0.258819043636322,0.9659258127212524],"RootJoint":[0,0,-1.5000001192092896,1,0,0,0,1,0,0,0,1]}},{"time":0.3184328750066925,"poses":{"Left Shoulder":[-0.17785203456878663,-0.12810571491718293,-0.20487555861473084,-0.0040089040994644169,0.6458035111427307,-0.7634931802749634,-0.9999443888664246,0.004863157868385315,0.009364008903503418,0.009760230779647828,0.763488233089447,0.6457480788230896],"Right Shoulder":[0.1299060583114624,-0.07502659410238266,-0.2597998082637787,0.27110555768013,-0.6064850687980652,0.7474473714828491,0.890059769153595,-0.13768690824508668,-0.4345526099205017,0.36646339297294619,0.7830824255943298,0.5024802684783936],"Neck":[2.233996809763994e-7,6.984486322636485e-10,-1.4902489908763528e-7,0.9999998211860657,0.0006289375596679747,1.819948920456227e-7,-0.0006289339507929981,0.999993085861206,0.0036649638786911966,0.000002123157855749014,-0.003664963413029909,0.9999932646751404],"Right Hip":[0,0,0,1.1920928955078126e-7,-0.9659258127212524,-0.258819043636322,1,1.1548399925231934e-7,2.9802322387695315e-8,0,-0.258819043636322,0.9659258127212524],"Left Hip":[0,0,4.76837158203125e-7,1.1920928955078126e-7,0.9659258127212524,0.258819043636322,-1,1.1548399925231934e-7,2.9802322387695315e-8,0,-0.258819043636322,0.9659258127212524],"RootJoint":[0,0,-1.5000001192092896,1,0,0,0,1,0,0,0,1]}},{"time":0.3336835416557733,"poses":{"Left Shoulder":[-0.1778542399406433,-0.12810735404491425,-0.20487575232982636,-0.04805965721607208,0.6396712064743042,-0.7671446800231934,-0.9987965822219849,-0.03829887509346008,0.03063720464706421,-0.00978308916091919,0.7676938772201538,0.6407421231269836],"Right Shoulder":[0.12990587949752809,-0.07502702623605728,-0.25979989767074587,0.24408118426799775,-0.6164960861206055,0.7485698461532593,0.8833752870559692,-0.1771218627691269,-0.43390777707099917,0.4000904858112335,0.7671768665313721,0.5013652443885803],"Neck":[1.0235700642624579e-7,1.2416421224514807e-9,-2.8805806095988375e-7,0.9999996423721314,0.0008488347521051765,-1.0175654097110965e-7,-0.0008488261373713613,0.9999899864196777,0.004396558273583651,0.000003829393790510949,-0.004396556410938501,0.9999903440475464],"Right Hip":[0,0,0,1.1920928955078126e-7,-0.9659258127212524,-0.258819043636322,1,1.1548399925231934e-7,2.9802322387695315e-8,0,-0.258819043636322,0.9659258127212524],"Left Hip":[0,0,4.76837158203125e-7,1.1920928955078126e-7,0.9659258127212524,0.258819043636322,-1,1.1548399925231934e-7,2.9802322387695315e-8,0,-0.258819043636322,0.9659258127212524],"RootJoint":[0,0,-1.5000001192092896,1,0,0,0,1,0,0,0,1]}},{"time":0.3515192916675005,"poses":{"Left Shoulder":[-0.1778564453125,-0.12810897827148438,-0.20487594604492188,-0.09184129536151886,0.6314740180969238,-0.7699389457702637,-0.9953336715698242,-0.08119960129261017,0.052130550146102908,-0.02959972620010376,0.7711337804794312,0.6359848976135254],"Right Shoulder":[0.12990570068359376,-0.0750274658203125,-0.2597999572753906,0.2165765017271042,-0.6250447630882263,0.749942421913147,0.8750188946723938,-0.2163776159286499,-0.4330388307571411,0.43293941020965578,0.7499998807907105,0.5000636577606201],"Neck":[-1.8736969309429697e-8,1.7849135502956415e-9,-4.2713557490969836e-7,0.9999994039535523,0.0010687561007216573,-2.2263293431024068e-7,-0.0010687409667298198,0.9999862909317017,0.005128221120685339,0.0000056988692449522208,-0.005128218326717615,0.9999868869781494],"Right Hip":[0,0,0,1.1920928955078126e-7,-0.9659258127212524,-0.258819043636322,1,1.1548399925231934e-7,2.9802322387695315e-8,0,-0.258819043636322,0.9659258127212524],"Left Hip":[0,0,4.76837158203125e-7,1.1920928955078126e-7,0.9659258127212524,0.258819043636322,-1,1.1548399925231934e-7,2.9802322387695315e-8,0,-0.258819043636322,0.9659258127212524],"RootJoint":[0,0,-1.5000001192092896,1,0,0,0,1,0,0,0,1]}},{"time":0.36613891666638667,"poses":{"Left Shoulder":[-0.1778542399406433,-0.12810735404491425,-0.20487575232982636,-0.048059701919555667,0.639671266078949,-0.7671446800231934,-0.9987965226173401,-0.03829887509346008,0.03063720464706421,-0.00978308916091919,0.7676938772201538,0.6407421231269836],"Right Shoulder":[0.12990587949752809,-0.07502702623605728,-0.25979989767074587,0.2440813183784485,-0.6164960265159607,0.7485699653625488,0.8833752274513245,-0.17712195217609406,-0.43390780687332156,0.40009066462516787,0.7671769261360169,0.5013651847839356],"Neck":[-1.3983094504510519e-7,2.3281849781398025e-9,-5.662130320160941e-7,0.9999991655349731,0.0012886773329228163,-1.7996444512391464e-7,-0.0012886540498584509,0.9999819993972778,0.005859880708158016,0.000007731882760708686,-0.005859876051545143,0.9999828338623047],"Right Hip":[0,0,0,1.1920928955078126e-7,-0.9659258127212524,-0.258819043636322,1,1.1548399925231934e-7,2.9802322387695315e-8,0,-0.258819043636322,0.9659258127212524],"Left Hip":[0,0,4.76837158203125e-7,1.1920928955078126e-7,0.9659258127212524,0.258819043636322,-1,1.1548399925231934e-7,2.9802322387695315e-8,0,-0.258819043636322,0.9659258127212524],"RootJoint":[0,0,-1.5000001192092896,1,0,0,0,1,0,0,0,1]}},{"time":0.3855844166537281,"poses":{"Left Shoulder":[-0.17785203456878663,-0.12810571491718293,-0.20487555861473084,-0.004009053111076355,0.6458033919334412,-0.7634931802749634,-0.999944269657135,0.004863053560256958,0.009364068508148194,0.009760260581970215,0.7634881734848023,0.6457479596138],"Right Shoulder":[0.1299060583114624,-0.07502658665180206,-0.2597997784614563,0.27110555768013,-0.60648512840271,0.7474473714828491,0.8900597095489502,-0.13768690824508668,-0.4345526099205017,0.36646342277526858,0.7830824255943298,0.5024802684783936],"Neck":[-1.6983037198770035e-7,3.259420733314755e-9,-3.2787883696983047e-7,0.9999990463256836,0.0013789025833830238,-2.27782493311679e-7,-0.0013788751093670726,0.999980092048645,0.006160728167742491,0.000008714216164662503,-0.0061607216484844688,0.9999810457229614],"Right Hip":[0,0,0,1.1920928955078126e-7,-0.9659258127212524,-0.258819043636322,1,1.1548399925231934e-7,2.9802322387695315e-8,0,-0.258819043636322,0.9659258127212524],"Left Hip":[0,0,4.76837158203125e-7,1.1920928955078126e-7,0.9659258127212524,0.258819043636322,-1,1.1548399925231934e-7,2.9802322387695315e-8,0,-0.258819043636322,0.9659258127212524],"RootJoint":[0,0,-1.5000001192092896,1,0,0,0,1,0,0,0,1]}},{"time":0.4000522916612681,"poses":{"Left Shoulder":[-0.17784982919692994,-0.1281040906906128,-0.20487534999847413,0.040200769901275638,0.649854838848114,-0.7589945793151856,-0.9987708926200867,0.048178091645240787,-0.011650413274765015,0.02899584174156189,0.7585299015045166,0.6509928703308106],"Right Shoulder":[0.12990623712539674,-0.07502615451812744,-0.2597997188568115,0.29757875204086306,-0.5950369834899902,0.7465774416923523,0.8950691223144531,-0.0981481671333313,-0.4349922239780426,0.332111656665802,0.7976828813552856,0.5033923983573914],"Neck":[-1.998094205646339e-7,4.190743307930234e-9,-8.946027207912266e-8,0.999998927116394,0.00146909907925874,-2.440524440316949e-7,-0.0014690669486299158,0.9999780654907227,0.0064614759758114819,0.000009727880751597695,-0.0064614685252308849,0.9999791383743286],"Right Hip":[0,0,0,1.1920928955078126e-7,-0.9659258127212524,-0.258819043636322,1,1.1548399925231934e-7,2.9802322387695315e-8,0,-0.258819043636322,0.9659258127212524],"Left Hip":[0,0,4.76837158203125e-7,1.1920928955078126e-7,0.9659258127212524,0.258819043636322,-1,1.1548399925231934e-7,2.9802322387695315e-8,0,-0.258819043636322,0.9659258127212524],"RootJoint":[0,0,-1.5000001192092896,1,0,0,0,1,0,0,0,1]}},{"time":0.41895179165294396,"poses":{"Left Shoulder":[-0.17784762382507325,-0.12810246646404267,-0.2048751413822174,0.08445895463228226,0.6518150568008423,-0.7536603212356567,-0.9952754974365234,0.09153742343187332,-0.03236794471740723,0.047890156507492068,0.752833366394043,0.6564667224884033],"Right Shoulder":[0.12990641593933106,-0.07502571493387222,-0.25979965925216677,0.32343077659606936,-0.5821800231933594,0.7459615468978882,0.8984036445617676,-0.05858180671930313,-0.43524572253227236,0.2970910966396332,0.8109465837478638,0.5040854811668396],"Neck":[-2.297884975632769e-7,5.122066326634922e-9,1.4895832123329456e-7,0.9999988079071045,0.0015592953423038126,-2.286760718561709e-7,-0.0015592580894008279,0.9999759197235107,0.0067622242495417599,0.000010773188478196971,-0.006762215867638588,0.9999771118164063],"Right Hip":[0,0,0,1.1920928955078126e-7,-0.9659258127212524,-0.258819043636322,1,1.1548399925231934e-7,2.9802322387695315e-8,0,-0.258819043636322,0.9659258127212524],"Left Hip":[0,0,4.76837158203125e-7,1.1920928955078126e-7,0.9659258127212524,0.258819043636322,-1,1.1548399925231934e-7,2.9802322387695315e-8,0,-0.258819043636322,0.9659258127212524],"RootJoint":[0,0,-1.5000001192092896,1,0,0,0,1,0,0,0,1]}},{"time":0.43243183332378978,"poses":{"Left Shoulder":[-0.17784596979618073,-0.12810124456882478,-0.20487499237060548,0.11761714518070221,0.6519096493721008,-0.7491195201873779,-0.9911331534385681,0.12401972711086273,-0.04768878221511841,0.06181684136390686,0.7480862140655518,0.6607160568237305],"Right Shoulder":[0.1299065500497818,-0.07502538710832596,-0.259799599647522,0.34237149357795718,-0.5716321468353272,0.7456665635108948,0.8998080492019653,-0.028933271765708925,-0.43532562255859377,0.27042073011398318,0.8199998140335083,0.5044533014297485],"Neck":[-2.0940154854542926e-7,5.995129281899381e-9,2.1604685684906145e-7,0.9999986886978149,0.0016172220930457116,-2.2682934286422097e-7,-0.0016171808820217848,0.9999741911888123,0.0070038409903645519,0.000011542160791577772,-0.007003831677138805,0.9999755024909973],"Right Hip":[0,0,0,1.1548399925231934e-7,-0.9659258127212524,-0.258819043636322,1,1.1548399925231934e-7,1.4901161193847657e-8,1.4901161193847657e-8,-0.258819043636322,0.9659258127212524],"Left Hip":[0,0,4.76837158203125e-7,1.1548399925231934e-7,0.9659258127212524,0.258819043636322,-1,1.1548399925231934e-7,1.4901161193847657e-8,-1.4901161193847657e-8,-0.258819043636322,0.9659258127212524],"RootJoint":[0,0,-1.5000001192092896,1,0,0,0,1,0,0,0,1]}},{"time":0.4498758749978151,"poses":{"Left Shoulder":[-0.17784321308135987,-0.1280992031097412,-0.20487475395202638,0.17267680168151856,0.6494467258453369,-0.7405415773391724,-0.9813452959060669,0.17795199155807496,-0.07276460528373718,0.08452409505844116,0.7392916679382324,0.6680596470832825],"Right Shoulder":[0.1299067735671997,-0.07502484321594238,-0.2597994804382324,0.3730005621910095,-0.5523697733879089,0.7454919219
